freq = 24.1391
bp_pp = 2.41982
bp_rms = 0.855538
hp_pp = 2.37787
lp_pp = 2.39834
