freq = 4621.07
bp_pp = 3.08781
bp_rms = 1.09171
hp_pp = 3.16727
lp_pp = 3.06612
