freq = 926.87
bp_pp = 2.91228
bp_rms = 1.02965
hp_pp = 2.97471
lp_pp = 2.89056
