freq = 9233.61
bp_pp = 3.16426
bp_rms = 1.11874
hp_pp = 3.24886
lp_pp = 3.1422
