freq = 18416.2
bp_pp = 3.2469
bp_rms = 1.14795
hp_pp = 3.32857
lp_pp = 3.22243
