freq = 93.1515
bp_pp = 2.64783
bp_rms = 0.93615
hp_pp = 2.6638
lp_pp = 2.62573
