freq = 460.532
bp_pp = 2.83485
bp_rms = 1.00227
hp_pp = 2.88773
lp_pp = 2.81307
