freq = 27624.3
bp_pp = 3.29121
bp_rms = 1.16362
hp_pp = 3.37685
lp_pp = 3.26664
